    3

    5 0

    8 4
    1 2
    3 4
    5 6
    6 8

    2 1
    1 2

15
6 8
1 2
1 3
2 4
2 5
3 4
3 6
4 6
5 6
10 12
1 2
1 3
1 4
2 3
2 5
3 4
4 6
5 8
6 8
7 8
8 9
9 10
14 21
1 2
1 3
1 4
2 3
2 4
2 5
2 6
3 5
3 10
4 6
4 12
5 7
6 7
7 9
7 8
9 14
8 14
12 13
13 14
14 11
11 10
14 24
1 2
1 3
1 4
2 3
2 4
2 5
2 6
3 5
3 10
4 6
4 12
5 7
5 8
6 7
6 9
7 9
7 8
9 8
9 14
8 14
12 13
13 14
14 11
11 10
1 1
1 1
3 2
1 2
2 3
4 3
1 2
2 3
3 4
5 4
1 2
2 3
3 4
4 5
5 5
1 2
2 3
3 4
4 5
5 1
6 10
1 2
2 3
3 4
4 5
5 1
1 6
2 6
3 6
4 6
5 6
7 11
1 2
2 3
3 4
4 5
5 1
1 6
2 6
3 6
4 6
5 6
1 7
100 2
1 2
2 3
20 19
1 10
2 5
3 4
4 9
5 17
6 4
8 19
9 13
10 11
11 14
12 1
13 6
14 3
15 4
16 5
17 8
18 9
19 15
20 4
11 12
7 5
10 5
1 3
8 5
2 6
4 11
3 5
6 5
11 5
1 4
9 5
1 2
35 40
32 34
33 32
35 32
9 33
32 8
12 16
18 14
13 7
30 33
4 30
2 13
27 26
4 29
6 5
10 6
9 6
32 7
3 1
21 3
12 3
2 1
24 12
12 23
22 12
16 14
19 14
14 15
7 6
6 8
13 14
1 4
27 4
5 4
11 30
31 30
32 30
13 25
25 26
6 11
14 17

    1
    12 11
    1 2
    3 1
    4 1
    5 1
    6 1
    7 1
    8 2
    9 2
    10 2
    11 2
    12 2


1
5 10
1 2
1 3
1 4
1 5
2 3
2 4
2 5
3 4
3 5
4 5

1
4 5
1 2
2 3
3 4
1 4
2 4

    4
    6 8
    1 2
    1 3
    2 4
    2 5
    3 4
    3 6
    4 6
    5 6
    4 5
    1 2
    1 3
    1 4
    2 3
    2 4
    3 2
    1 2
    1 3
    3 2
    1 2
    2 3


15
6 8
1 2
1 3
2 4
2 5
3 4
3 6
4 6
5 6
10 12
1 2
1 3
1 4
2 3
2 5
3 4
4 6
5 8
6 8
7 8
8 9
9 10
14 21
1 2
1 3
1 4
2 3
2 4
2 5
2 6
3 5
3 10
4 6
4 12
5 7
6 7
7 9
7 8
9 14
8 14
12 13
13 14
14 11
11 10
14 24
1 2
1 3
1 4
2 3
2 4
2 5
2 6
3 5
3 10
4 6
4 12
5 7
5 8
6 7
6 9
7 9
7 8
9 8
9 14
8 14
12 13
13 14
14 11
11 10
1 1
1 1
3 2
1 2
2 3
4 3
1 2
2 3
3 4
5 4
1 2
2 3
3 4
4 5
5 5
1 2
2 3
3 4
4 5
5 1
6 10
1 2
2 3
3 4
4 5
5 1
1 6
2 6
3 6
4 6
5 6
7 11
1 2
2 3
3 4
4 5
5 1
1 6
2 6
3 6
4 6
5 6
1 7
100 2
1 2
2 3
20 19
1 10
2 5
3 4
4 9
5 17
6 4
8 19
9 13
10 11
11 14
12 1
13 6
14 3
15 4
16 5
17 8
18 9
19 15
20 4
11 12
7 5
10 5
1 3
8 5
2 6
4 11
3 5
6 5
11 5
1 4
9 5
1 2
35 40
32 34
33 32
35 32
9 33
32 8
12 16
18 14
13 7
30 33
4 30
2 13
27 26
4 29
6 5
10 6
9 6
32 7
3 1
21 3
12 3
2 1
24 12
12 23
22 12
16 14
19 14
14 15
7 6
6 8
13 14
1 4
27 4
5 4
11 30
31 30
32 30
13 25
25 26
6 11
14 17

2
6 8
1 2
1 3
2 4
2 5
3 4
3 6
4 6
5 6

3 2
1 2
1 3
